345176
-1488637
1505627
1019486
1043497
827033
-746755
-995335
59120
-742046
705692
1193195
-433987
-1056664
-152298
217139
749914
-1369917
775992
-543684
-376559
679577
98255
-248796
1481023
115551
429601
-200080
-132166
-724039
-1115623
-501019
-1654578
-1058766
916487
528773
423832
490321
706396
503719
-1419924
-1985750
-162104
471566
-580355
452824
397113
289980
449168
299885
-132033
-899793
422059
-665256
-1049193
209891
1147733
-537802
821856
868789
681722
424593
92195
-9066
-121595
-1023379
-391038
-1152225
-284169
29581
-28855
145434
-37498
368354
272602
600021
89486
91345
568982
1558570
-330361
298804
485746
107617
-1312163
365259
-645344
-373319
713745
-160610
-559598
1951589
-1069163
578388
1540132
-1053484
-918939
-404280
295152
-799121
217065
-186779
-699052
744182
-639210
453028
-1339040
-816519
-562356
354034
771258
-368515
1575966
-1463122
1645009
-11371
-202657
859423
577617
-843076
-109237
-824130
-712150
-734810
31349
-906391
529082
-833376
-212118
7803
-342556
-135093
-47355
726825
505626
439053
-63614
-807753
53087
-1014876
254961
-115947
198297
-847119
872166
76772
-940651
-1148677
-334671
358076
475615
308418
162628
-775155
114814
1039111
-553475
-556431
-883387
705704
837718
-693332
1274908
-8990
-1377873
-1181721
944031
-928537
-1595358
-1064265
246020
73120
-1370948
-1405890
1614314
588451
602715
326967
815889
18660
1250330
675900
124339
-163546
-906986
54830
-1501997
42777
163371
234178
96318
-469134
-1683854
-563481
-183560
63991
1362211
-1390793
-372532
-298425
-959596
-909204
-297162
-1251593
-237067
878082
-636452
-72407
-413542
897511
947796
-995884
-532364
-1164711
-474569
-206426
57987
951392
376260
-833319
-565301
1409873
-853298
556458
1375124
94269
-397920
104069
-74215
-6424
-1187645
499225
460552
823242
119892
11799
1454540
1783549
-1070524
164411
277303
972481
-664335
-536088
-686429
-787986
315633
199743
281456
311218
-217329
-546909
-773112
-1353515
-407819
-412628
1436689
1409736
-97106
1636072
816006
-936978
1510077
-1244622
120819
-1098517
308848
-1609140
1030781
959280
1760372
-159718
-956312
84331
-762002
-456930
-52158
-330548
983980
324560
200530
792888
1238605
69707
381888
292467
288989
-8830
-1403527
-308209
-408331
-494418
-387951
-174473
-1138296
798987
-580299
-128951
-800083
896875
35894
524735
295661
302854
-519110
-998761
-1241739
-274638
14658
-1168595
-326632
-580620
-9181
-226293
-539420
-1246044
78449
-1061396
-583887
-389732
-1073552
-1062452
1476135
-191487
1008155
-176725
-941005
-1027206
707052
-455732
-609806
71710
295435
-763689
-986871
-23279
580740
143424
756416
15872
97517
-1603683
-1088192
956990
932987
730481
891895
-84293
-805072
1100323
-1782184
677853
-406429
-269349
663030
-723162
-1486499
699347
1222132
-347088
-135917
79592
-186589
-267176
-675426
1849519
578126
15787
-51453
1240572
608307
54719
1335092
-5418
-321031
1595150
759108
-907008
-1640562
1042326
-1209384
444783
-463598
79972
999827
471513
752291
-404542
61400
-14915
724307
857280
262366
-354028
513601
1155737
-315388
260993
1616389
-1717684
183889
-464197
-66275
1240643
1404986
549329
-350056
-1508003
577953
-450898
142487
312495
412808
-967081
205311
-307732
111200
641025
-176950
-1803092
538176
68513
-756024
-117601
1303629
-1180989
1542756
714384
1386632
228093
812715
-1000843
1026335
307269
1143790
589124
-826280
-829538
-715187
330597
474308
184678
623027
-771871
-207059
-773111
-1178675
-1210857
876956
-419326
-23212
-1175089
707798
242147
-67833
255407
-233239
1618304
-990767
-876729
-458184
875790
479338
-1101443
-179430
-57124
-382123
412028
371099
-663789
378376
1173019
655707
1082110
155377
558389
700945
-195690
-116122
1456748
-210517
-42575
820440
1176783
-98460
-795873
859914
351312
819057
-561215
158971
-1319542
1552241
1596402
1051273
34573
-357105
151961
-746074
125370
-1686025
733797
40036
813153
-1437068
18888
-1021248
36450
34817
1421641
-91792
1315257
-371545
-873111
368299
370056
-312432
782996
-1149108
-19607
1111891
805233
12504
-53218
-354998
241241
1302364
-1614089
-592100
-1717261
-77063
-802977
249530
704576
242019
-1516305
-1585185
360031
-20295
566045
-862265
-1530114
491112
-874022
-22562
-1171880
-726449
194667
-94057
-714535
611301
-116233
481077
204116
-926546
721082
-84833
-48244
-264409
836725
-85281
-705273
-370367
-268441
-176500
776114
1418639
263476
788996
-949192
44506
143137
-1158533
-63612
538544
1411098
-623527
-1274244
1149198
498334
146555
-160927
322873
936080
921044
-164639
439520
-68596
-735667
-581121
140912
-277878
1042925
1083697
175156
-999937
405354
-1619030
-1385061
-505975
-1410299
-1377099
1191570
-1107928
-960311
1829105
1108505
776405
107800
935054
-888888
-1208407
478534
210599
472383
169560
1372272
-200830
162719
-544397
-40144
-712094
1227156
409668
-736705
-1298436
-536106
-196761
-885323
132732
754049
-1240303
-679689
-625877
286618
272202
823730
-202855
300600
-936301
1362514
-1615957
253938
-970179
479297
1445490
-1370636
-2488
933803
344879
-728522
120045
-189570
-990606
189171
640003
983676
802155
1103504
1004192
-1047967
-400533
777540
1065354
-322046
-197599
-610520
-24371
-520683
1473992
731400
-121497
-1750230
-528145
1845196
1392593
551295
142238
-370940
328491
-1041792
-1284914
1027209
-1113808
-526901
-1281749
-1287789
-551909
-5836
-1026354
-976913
1191727
-281117
-481943
212470
564212
-1345905
185781
483039
883192
116702
290201
-345316
-1580115
1198223
1011900
765338
629831
-860895
-788429
-72772
1528882
239427
541538
467323
-1016951
48454
-26397
539672
316753
-197701
665084
958149
1015816
-888484
1063980
-617301
-586499
31291
895060
-42043
-1137102
863395
-892528
-729330
-371410
709328
756572
-753772
-1512249
399992
-1269112
69374
58696
-621481
583555
-499934
951887
1610569
-568319
-380027
22824
-119848
150786
261929
-14200
-46873
-220043
-1653633
272395
-670790
381530
-181863
-604439
-510275
858153
1270301
913362
79944
-739339
1224851
-213882
-1596321
89636
-418656
611337
699008
-290540
928485
94504
1246188
212925
750163
844148
-287562
-180839
-469910
-890716
-1481577
-840594
595965
-140702
43733
967196
522735
-204378
-147576
-401846
-239221
-693350
-1272355
305225
1110559
547827
-1018566
736205
-563595
-1088176
631816
-55778
15143
-1536831
257618
-956767
-1690594
429676
-836430
-918528
537141
68094
-252428
-1700818
-1021291
1400874
578197
-179326
-604629
729690
1114755
78442
-1296106
-111739
486554
605550
-260900
-444797
792185
-335304
92549
-1290457
-962317
-220198
1604292
860965
812056
-426503
-1007842
939756
478235
340041
-114903
-907018
379219
318530
-215518
-432006
1243114
-39839
-457632
-832675
508321
511378
-326296
491383
-348124
-15346
15045
382572
-324482
-418760
1007443
853460
-1790297
218990
-440776
106979
609268
-1381056
280786
678122
-1624578
363632
-764966
-1367829
297773
-636733
-154693
310531
309007
-1114426
-152066
-167257
-742382
347474
162308
399297
-1662772
-395376
1281145
1652588
-670477
587136
-164924
97773
393790
-26937
1147026
-1152711
419998
1129749
-167551
-643235
980868
130333
186585
-1148329
-934966
-1435042
-79427
-100533
299707
-511217
-633550
-746789
565167
-811438
69851
-225455
-179890
230725
-152986
490247
-649288
-765674
139782
-1824668
-190389
-1313525
-599908
1391113
-595776
-246479
-468194
-1803211
1723599
-263966
-568444
406920
-1322834
-939133
676014
711278
-132328
-577963
-81043
-648177
-450814
376310
134142
1086176
406014
810250
-416315
480642
637270
225036
1138527
217581
1656518
15976
-995381
-75492
954171
647028
-104494
445744
-65666
-936750
644035
180724
-180327
-214533
-554519
-53658
-70016
-197625
1021779
609057
-903731
1700332
828567
-1151891
-1229032
1284301
59658
767148
1434962
385854
425050
794910
283659
452681
1234757
-437145
515070
204736
779287
151865
-180996
82539
495016
78439
-1594790
-354090
371687
-1565207
659463
-85284
-145533
-519745
1274024
-1173788
1389449
-1468202
761718
-1190951
-870479
-643981
-717900
-739245
-367348
1331471
1486244
-723692
7827
-1614610
50251
1227223
575456
610037
-485265
-791340
-987800
223156
680265
-1974920
734167
1050705
-544636
-1092916
-26762
422755
628363
-850910
1027092
-78826
-1332368
-1454809
798350
-499449
-595521
-623554
-246822
394265
226870
-1576205
-458513
426563
683555
33394
-262662
784964
1062745
662000
242306
-405020
1555728
563348
341021
350315
468212
-808003
1658719
1589531
693363
-131409
38099
-1213394
-375050
-1660609
-777581
-309279
-469995
175115
841910
-928849
28133
925231
-1271242
-1140347
-1235217
-100181
-763035
597635
-368008
1073805
-114596
-98152
-30032
1184964
-250459
-722671
-1883199
-661892
706825
357952
-533968
74580
107024
-244400
197950
1068960
953204
-52870
-1121941
258698
-733496
-122977
502185
-708260
-192220
-415414
344535
499583
-170408
95555
-322035
-555735
-1564667
-1543640
345487
-1481924
178373
-100898
-265882
-231061
-1768142
108332
-1726668
-50028
775749
-312456
-710728
-997218
1482523
876900
37864
43472
1089269
422628
-39694
1668841
-844506
697710
946046
-267317
-157994
-121232
253501
404590
147119
-20685
-717331
302468
-1359757
-1093057
424223
802074
1498582
779863
1263364
-86585
1086833
-494070
30605
-251657
533695
-1281722
94224
750904
272703
-32473
-306674
851427
-1527336
-987492
413990
-175348
-548850
-102619
88336
619677
557745
-673700
-343508
1322503
72261
997571
-241542
328337
365929
-1109559
-1187741
33184
-520042
-1375492
762128
302107
595981
889011
-198760
988079
196412
-587906
216484
1647332
790911
853752
-1327117
-382412
1539339
-243447
-284153
816872
-746362
-1663488
670428
730401
-804190
-692533
1414158
-1002692
-126393
-546070
-920773
-441106
-592336
-1160588
-959745
-1496204
140256
-728588
-259122
-1109820
692685
1067614
-1650695
1057602
411049
-492165
-314624
1301831
-1173218
-896102
-1604630
-194396
580775
-22938
815656
-313619
-1128307
-957378
-672573
-1121496
983793
156078
-1435761
-173877
1372282
-550115
-1013518
-208410
1166028
69391
-135329
-246944
-31583
1002111
774689
-267643
4339
-520484
-1379806
-17897
-992666
-1391926
-574172
881750
341907
328851
-107444
-1315227
-849888
-223762
-63267
43324
1036090
960702
222991
99094
-1591157
71312
-722876
277937
1350850
-275266
-1600237
-114986
1115886
-838076
-423592
-17982
-146251
608570
591589
785474
462513
-369305
-831780
-96323
-470354
-405155
1280043
974441
-1304934
-1254245
-131867
-1735392
1108150
426556
-524815
663663
-869993
-32664
268057
-1355255
-709811
309464
1349077
-1224394
-221963
-237849
1694418
-1266991
839268
-555551
-105625
151970
683525
-1779162
261265
-307723
131348
165327
575806
-113354
66009
-353030
805730
2753
-1044470
1810742
205039
315052
-873189
-77790
462621
-1239913
637541
259919
-691295
771771
-276557
-1350534
-206913
-672940
-1475562
-851120
-728410
-174083
896883
-693879
64424
-796066
-318687
-976551
-211231
-868701
-64303
-301318
48850
-116373
-1806078
-312383
147941
-188385
-1918219
-519236
-106675
-763595
-1133497
-971156
-991905
478691
124326
-471170
584480
554632
-1428559
467547
627692
-337835
-206501
-1410739
972266
-1062
933574
45892
205570
98196
339241
-368223
-906575
1083120
431628
-234672
-201190
222184
-843857
-982844
-871981
530487
1319634
1351541
498502
750308
-446389
-1107162
-343640
-948073
-1852393
-1193235
830912
-871339
504763
-698373
-1050611
525509
-1198127
-417986
-291434
326829
-254614
1138245
1124354
557209
-1631331
-602822
-232212
522760
1019009
524875
740103
1687156
-1500877
522099
183769
1721179
729705
-1408657
-1035749
49115
486778
276001
89227
907456
-820755
-1211554
-187574
-182846
-379530
213293
1495351
-668185
-743019
-262398
-323884
-8938
800254
1319423
-345597
1061933
1012595
268972
-1724163
-679072
1003564
-1727856
-978034
212037
672143
180479
622987
463211
-328859
-1606175
307206
524989
-793642
-488998
1630198
-242414
266985
346569
-87841
1260299
-1124889
-991111
-147194
330098
-102019
-1298172
1194622
-1401735
676868
285570
-887186
-941911
380732
-177155
-156828
121753
-964661
240829
-95865
-287288
822640
528376
-1474368
1776309
-498264
-588776
-233470
-7662
-1141379
-516586
-1034672
270719
900284
1385049
-976507
916595
890383
-122241
-1209147
524545
-909863
-1678791
-873547
-1074120
-47572
-1344495
-348824
-397532
248675
1006105
-441808
-70531
-1112050
291146
-240466
97544
112591
-1399883
-769955
1239706
-345136
231623
-809833
1762024
-1040273
8914
-1019217
-129849
-693548
880564
-1161298
-1836813
-185974
512996
-1286892
1084105
-552727
435264
-1492869
-151047
692770
-1279510
-592717
464185
-1331
-430473
-120028
-1610238
-189608
-1630492
137340
-51472
1510629
46568
1564486
-104199
-613988
-365350
-242716
-681492
-236128
619650
-701851
-578441
-1017446
1157228
-342010
79414
-658459
1015082
203480
793301
831395
-1443883
1076503
-649812
-483992
-210284
1318226
849136
-71152
-224065
770557
-412333
529071
-218614
-679040
-795286
-765845
-433506
-808971
-177073
453539
-652653
210574
-497417
-1044455
-1061701
-781383
-1628351
396313
-727103
525859
-287974
-215493
346921
1142527
102375
-455617
917903
-56591
-1608475
-973033
834229
146807
354841
68485
739477
-178965
1628628
494557
-670259
811553
542477
891667
-169683
-74802
255308
266599
1618201
-1801512
-1025297
-1259922
999920
-502352
785526
-318133
42794
-43773
-426965
-670104
533735
1478311
376685
-46468
-1133943
-730002
-799829
27599
1703164
996937
-1755347
1111927
1150922
-192779
-923504
219362
-1544218
-2483
382508
670937
297149
-515223
400142
-449920
506157
-1163
-811340
488264
312486
-1341837
1485660
-1935920
1122087
652599
-1455495
307870
318284
35296
-772739
126988
1547139
448448
-679140
-482338
1271864
-1519386
-632451
-386663
-1255190
1121843
1202946
-470981
-790459
314181
-1600388
1550375
489905
293993
136845
4694
-663119
74783
-795662
-819057
583461
-58191
-996477
1517763
-253910
-430559
-348755
-617952
-1016586
434707
821891
1075636
710949
-1025830
248190
466076
468889
249690
-620167
397080
-441857
1131114
-1352266
730746
179118
555746
716139
961521
294973
-562319
-144653
-1781721
152215
224311
447663
917952
-448474
-888340
-783514
-1103228
-399368
-1302917
1365281
-843957
143053
-296086
163560
1402837
-254819
-1167927
-896574
-863506
-1063566
35617
269335
-54826
-1365905
-47338
382964
-625577
-40475
673567
290317
811138
-1484989
400547
-380633
464136
1349855
1092099
1303086
639263
-907954
183765
-21111
1444128
-918200
-629175
179329
-1701892
1275621
-977275
107611
124453
-1753511
-639169
-682379
-269000
131346
-254939
-362254
-1682424
681500
134422
-197517
-968107
-262239
147831
-154811
369818
-178571
-79930
-1448382
-1113049
-1766393
270883
-121336
-1108915
329263
-147307
926221
-392788
487785
6339
-1109953
180401
-239534
1121609
1573707
-1193673
-1451645
471690
1438016
-880443
-406907
1050584
1074147
1638624
1280000
-41699
-171839
-1111183
-247928
511293
1453450
813717
198440
162758
25563
-1316542
-59906
896371
-97021
-1231173
1349320
147333
201184
406558
943853
1134595
31846
1059610
-58372
-834517
-120920
511964
-314255
-354834
-270358
732203
42849
-172797
1014181
-23784
-1068085
218258
1285219
659168
-297981
-225103
1022012
-339886
622084
-1377077
789003
-176346
-514851
-915544
-1510825
100928
423927
-240600
323481
157316
1873702
979463
-1082582
108815
33900
10225
53325
-1351359
-897514
192240
-730102
-514781
586604
-337820
395057
-1259996
-383728
951196
40770
312282
-349670
358118
-259214
402526
-67589
924296
-105639
174452
-464868
70458
349927
796378
254619
-1313857
1026489
484571
991278
1572175
-486780
295693
-816139
-355061
-507496
309509
766697
415741
211761
46448
-78399
1661191
-790604
1101349
-196293
-108692
463708
341605
-122554
-176585
-705898
-244228
54909
479701
1367860
-131555
-97719
-236122
184621
-63690
186955
-71532
170325
1106316
944853
1128280
-519866
-329863
-345305
842572
-136695
229578
1232360
1310363
80291
173795
123861
-1589896
385135
115204
-963230
-487036
1265606
1762830
1566132
454780
1369886
113858
-97222
509028
-795474
-1870107
499935
558602
-493502
1531423
2026
-1145646
972767
11011
325614
-73178
706919
765290
-996434
41485
190747
-172711
-1116167
-827738
625918
646156
1074138
111559
1052280
152946
147289
1777555
-375315
1169973
544050
-990396
122076
-375023
-579158
107041
160370
-274116
-1062452
-284898
782923
1552422
515814
1300556
-348404
-1490505
-1224496
-54993
1084549
401006
-1838833
106363
-33681
350980
-36100
-1572339
1333138
1011686
-1186229
-177652
-252810
-412088
47912
-635900
1524198
-403498
-1455666
-1014094
-8436
1189689
474067
381788
840053
-1155014
953146
784273
-232640
-1126180
-492610
-106526
-86777
-392472
704547
599105
463824
211995
223676
-963062
1653668
616633
168249
208398
-876214
-811571
132825
-1587933
307978
-904473
-618925
1397121
781913
-1078950
163718
-527422
-1285558
-665416
1112424
-324976
-86913
-1355759
-511518
1294422
1000723
711185
159498
173924
-544425
464063
417377
-356559
-997496
-695319
-921577
333310
-513588
-162561
-72792
-1593256
474767
66332
1485852
-984084
967852
65257
-183222
1444822
-925737
291892
204310
1627084
382783
1442033
558040
360766
-900627
1012756
-718647
-17208
675029
-979177
369727
263512
1254623
-1088619
291721
-86370
-1636393
-261249
-302886
-934015
-213751
1200019
-1185439
968817
-657924
-171397
-12348
322566
-908247
72434
-774217
-520386
-664762
-886480
220412
1362967
-172384
260265
733197
-310237
-927137
24571
113851
-973296
738522
-1515285
322278
-862914
1681236
1343779
-1197193
963556
-818951
583022
-632957
1491499
-176162
-1339307
1441183
-840153
-734734
665387
-289280
123630
-1550174
1078640
240717
-141867
1582665
164593
372526
-764229
-161388
-1696467
19492
189167
-103453
422034
413816
352488
-513655
1359970
-790421
887888
-1191908
-1466215
1360612
-1111364
121943
1003729
-873094
839748
-1196640
528907
-668947
288973
-203445
288263
-288222
229151
-75194
1865869
1371641
-1377942
873288
1155649
222792
-1409742
29761
-325915
330257
-1302655
728712
-175644
-188382
-702328
369461
934976
-458971
-1298533
-84122
-1410916
1094321
1587598
1382746
1556435
387538
-71292
9326
-1116173
803589
189621
-128737
3671
33406
1129941
-1283943
496992
769357
-726799
878503
-1238679
-720256
1870880
1160395
-200338
-417476
-447557
-360320
874153
-1015711
-1250313
-565553
-1688149
-524394
-1124804
-1469363
-963938
314507
-262578
488625
-1102516
-814134
173797
-1549850
-1338686
-1168217
560078
-265648
-20612
713275
-1161503
-82346
-182494
-248201
-695194
-805013
-652583
-783689
-17413
-695459
-846934
732593
1707279
-178221
642188
971311
-547794
37998
-849948
1640872
706107
-745303
885652
-711080
762837
-219036
-81512
506228
-1199428
-36940
749401
-1248262
-255060
-657896
561870
-524827
1922836
403955
503598
1095618
-218484
373430
-188640
212854
-174907
-36502
952252
-1190011
1249281
1163067
-311730
-523409
1057699
-545878
-1307239
-865383
-584942
462424
972031
268158
-299281
761927
1220672
499840
-1515538
9200
-676297
-1115087
44914
-1075098
584915
-3634
-232721
1431647
-914219
-1377291
-605137
331828
-24265
-306465
-1825059
1068217
1001293
-216739
541417
-655774
-177468
-383
-999171
-1048848
1079373
-770107
403114
-846253
141103
-379327
-203492
-361742
-700898
836108
733145
756865
-828846
-199489
1490927
35758
178046
-274036
1429460
-1164212
-1234881
720453
610594
-1064221
222869
269917
798469
-662142
-82486
1665283
255092
-567810
565907
40610
123385
176440
911436
989842
1357177
604585
-531742
-143137
-847320
540017
-65412
880727
-202749
575933
-1359105
344639
-906486
498776
810403
-406094
-620521
316148
1233359
-380594
686329
291994
-1091812
952533
-1805433
-576975
-781322
151845
-167061
-778036
70769
349976
17416
-712620
572245
708131
-129031
-798422
566138
-497832
557916
867512
-335660
770473
-461066
-1248324
1783235
-443369
1278590
880341
397093
-1611379
-1639475
-1095240
1736503
809267
-1500075
-46581
-345556
-145863
1100462
-1598700
783169
-1320770
-460961
811408
668387
1052620
-489756
-1045634
782660
-767292
-99692
762342
-1372280
-221182
-860124
115649
-676663
-595210
722190
-402613
-511390
-695257
347996
-903499
396026
1179508
551821
300800
-51946
-1414374
1144315
-150643
335198
860854
169500
-911801
233578
324658
1552799
352051
1121314
491342
-808619
-35101
571978
582581
362593
-46466
-407049
-598416
-123176
519202
756098
-87477
-1269288
1618802
-381442
692369
-249312
-1886592
-97151
693296
103334
639382
180895
-1108280
856676
806196
-1513904
-3870
379008
-1668718
-528079
954610
-417198
1103114
345347
-333747
-236075
-452206
-1178124
-634156
-1351820
306895
1208094
-1022848
-489763
1418080
-568976
-783500
217057
399560
-333589
-1658329
245348
1590380
237737
-379215
-1406416
517245
556121
282227
429788
568131
548808
1783806
-1705200
873848
421680
-1099668
277980
-380175
-1443080
312837
91379
1584012
-856975
1449461
668745
1141792
169522
-39586
-925796
-1045376
25474
-475968
13304
-1121881
1127521
-214817
-276819
950451
36878
-390851
784958
113999
60506
956722
424754
1525364
1286114
-95633
561204
1298908
579721
779545
-608777
654482
-415041
-717442
-1054371
-1283424
542333
-1170585
116216
-752935
1273164
432405
-992480
265887
542332
1453312
858862
-556695
-1256008
-149412
703140
1212552
643576
-268408
-100840
-440771
726784
-265579
595118
519847
-1287515
-927634
-818489
-145129
60212
221131
-185149
-1612066
1751031
-108407
-811508
-1541438
-462195
-134109
-287479
1837353
-442175
-1296382
264762
1097723
-761141
470464
-1635470
1645891
-855682
-1578569
-1237590
-868559
263807
277069
683217
-176919
-85956
758224
754059
-148453
-876097
324549
427355
823741
-102100
999919
-399751
-1489691
-1063965
-1701176
373657
611054
-333866
-1526017
-906665
-230083
601768
749364
-833999
935361
113421
344001
-171191
-366984
981313
470984
-1884580
-507110
1092297
521496
-378211
365618
-676231
567161
-645500
-584591
167514
360385
410667
-160412
-524477
441338
368080
-1873232
-240727
-407042
-564947
-1314204
899556
976353
-795406
-472355
1453677
-164954
789818
201570
-1125695
1528997
-253095
-926671
-836378
10165
-605871
-340160
1288960
-381331
-237989
-638683
-1056621
248537
-1687477
-1202387
-744335
-529627
-79085
-1220680
-711219
1103959
1302475
1787494
1578662
772029
1785370
166336
-409270
-677721
217791
284462
719771
618176
98142
126911
1776342
348677
751826
-1557111
476142
-494748
1579781
1213817
-367124
1730993
-1700762
-679309
790134
-197177
-743640
749558
-66319
374728
-30090
1132998
357793
-453276
24030
-365539
-1092729
281242
-974968
-1051429
1006487
1653182
-656758
1270878
-1028901
64948
-1206866
-610753
99534
-919351
-422441
-297776
116848
-677984
465421
-186681
-411741
1031452
1686167
-1254723
782525
1062760
1133179
-241304
-1601720
-1613001
1285257
946440
-1382317
307403
-747435
23898
978807
-697378
-862366
263866
-545746
265377
52646
297789
576213
-230636
42917
574148
643141
1304786
-178871
214724
-405957
320816
837735
-1531028
-41928
-270925
597627
699599
1229485
-34462
305733
-1525902
1022313
-467783
478111
1460849
1038427
1135457
420292
685216
-167485
-25516
258774
-1888158
-971055
-981786
-248847
-1163366
-862685
-204954
-337048
1356757
-784123
174930
216744
-38219
-1038032
-556128
630227
-574842
-284528
628369
469158
703662
-295837
-310393
-66551
-941915
-984713
794666
-26435
154608
1205908
630327
64093
563166
-893554
209232
-1535045
-449316
957057
575296
-1661617
451490
-655775
810867
169448
386629
264259
-1213751
1659194
683822
-321687
190507
-766920
-1169143
-1241640
114851
-334884
382489
961806
-513952
167758
-475868
512369
-1404160
945015
-381226
-1173800
-331294
880148
250322
1580026
232935
-60615
1108953
201195
954976
-780350
634901
279839
1367952
-1041655
124291
-1571398
-1541024
-1009623
-377023
1219817
1243847
520238
217502
717525
-10910
980261
57814
-288465
-1031919
1650271
458978
868832
-1265955
500776
-60149
-314659
1760599
-79103
49748
1513852
408542
-340832
56517
1376045
-1105603
-398951
-987475
-1665222
-16784
41176
-822083
84790
842080
1301682
320998
1035106
-469434
-1263573
1498710
429584
-1532007
671530
1095418
979839
-447034
66095
1481155
-336896
1445018
-1303551
-759069
110163
-788710
450492
-317514
1151369
909264
20705
-1033802
1582727
398259
-463778
16550
-412272
-912253
-1942976
-1351237
87061
1783485
246183
1579627
-1296632
-573286
-683987
1051365
-1772143
-322918
2739
1220453
532826
-550594
457872
1025912
-1169878
-296229
-1788776
460164
657185
-932053
-137751
865233
1330739
234151
-689766
-1784203
-1338407
1593046
121033
-235389
-1541859
-512353
-1357096
-226034
1325568
982232
263286
541148
-1001509
1219916
638691
1299166
-129081
654787
-84176
-337910
1834379
-1490908
674133
1482059
-781861
-1301194
-416863
-987039
1824070
1081319
132269
-1512125
-477814
476791
676914
-1983020
-33096
161270
352848
-751660
1693780
-89444
-100446
835987
704882
1366645
-420217
295981
-828998
-294683
-826108
618942
-263013
-916904
323306
1097109
1223603
-1252745
-418599
234179
-145836
529483
-1809514
-263245
420729
774091
695591
-147489
1037006
132822
971723
-1081241
-1271822
241000
-124962
-83295
-1048289
119927
-668908
-615342
205247
-746242
-203010
205888
1262334
752429
-992081
-356928
-750056
248149
-1461115
272873
1148812
1087478
-353092
184205
1131411
194192
282364
243228
1295486
-843266
189704
-14802
1206789
-1563747
215558
-792551
924259
920704
1631871
842920
-1671027
-255501
-10519
236665
77737
-215735
1453834
1016752
-304245
-226176
946797
23514
-808113
559912
753647
1162394
-534941
709471
-277717
-1239773
1077390
-1026698
462337
-965796
1365587
1066139
-769047
1107406
-577353
-70466
666309
-1289012
318262
-147488
139870
-1462568
-1155807
536267
-585548
-64156
223257
324148
54527
468777
-1422051
-881389
-1762372
269007
-1290983
-1680705
-816434
-1652910
-191629
192803
-421969
-730903
1579028
355460
-674819
-1730809
1267933
1846616
-115695
-1219217
1435165
1148939
-473515
769432
712748
-941781
1514856
357440
42972
-440649
392525
-1316918
266230
192414
519738
606394
884272
868720
85865
614687
-1526043
-327676
-249096
-1144038
-5799
392311
-206661
-56097
99833
1064324
907930
1245170
318947
-92124
129239
1095972
-951297
-1389285
854599
410208
701192
-1023768
-1169615
863777
1051440
1598200
1403787
-966785
943520
95508
48313
136690
99578
689072
20090
-1066205
-555108
1189012
-1337695
580457
672326
1667851
830485
856453
644507
392937
-1486532
-1029231
471622
-513516
101838
-763939
-144886
370064
271398
-834116
635006
709895
915470
-1052057
448665
389945
1060807
516655
-824962
773708
-436705
-1951057
-535739
482818
812035
-1216125
720554
-835829
-420421
-171366
-1026517
-990030
-1040440
681621
-61526
524019
-637812
-122125
20953
-176851
11918
-725380
-167597
26164
-388281
828874
-177771
-473119
-957409
47416
858411
1635835
96352
1320290
270603
-336928
-695749
-351252
-40289
-649113
-809132
70219
-1368855
185861
-1744262
-412925
-171031
-1079344
-1121910
-14473
149253
-285788
56206
737550
464308
707253
575477
395837
1302753
-225327
132506
1441925
1216060
593224
-282219
383153
-1568483
552505
-1020780
114098
-432939
1353052
802721
-252527
793572
708239
733293
66463
-130439
627546
419210
-1380604
26846
161808
-1300096
934109
1038637
1272193
160209
-119302
55302
-745954
-307450
-466056
529808
748334
-715101
129634
-1087336
-1237568
515064
-217895
1421322
-332531
681666
-578193
1189896
119308
-253427
-1050049
-671631
-1089867
1361217
-81845
-688972
-1131338
-443992
1070295
-48199
-964984
269211
-480818
-491149
-1355930
893203
1763171
-1509387
-853108
948722
131789
990466
1075570
-83395
476904
16001
180735
1433079
281227
-1380459
349876
-687735
-920213
1179151
-1214984
-743323
648264
-179695
-497450
-1020974
81885
478192
-264901
1430906
478002
-1304020
-505658
-1481225
479418
1566116
-562917
-965211
993459
-25836
564394
-9029
290828
980340
225887
643313
-456784
889180
-123423
-388468
416631
-1108567
656942
288468
-241884
-172599
-641689
1546300
1201757
1046319
220521
-333316
-645144
430652
626321
-404170
1253321
397746
789720
-1509191
1741668
-1334443
-116008
-112914
618621
-1340893
-498017
-747520
1369307
-34397
-245923
-305455
-1198926
-1500195
-183943
1067451
224408
-1235836
-83795
556753
69592
184508
304970
399355
146958
-459296
-51567
-921269
728551
-374966
-1369508
-265558
21802
-1639595
386088
-1179319
827636
726850
759102
660251
1260614
982791
-217651
435182
1014639
-1689974
328184
884989
500089
-1044311
-744034
1042592
842818
-592149
-18308
-112366
-882483
397343
829260
607019
-111784
37782
525461
700835
-314225
-382282
627374
-1105901
-13292
-88094
153515
-935586
322320
907303
816828
-346137
1621940
-163017
891695
-131728
-1026604
657869
739359
1024792
269010
554038
-1377628
1132025
665435
1294820
-882371
-692705
945183
152207
-346237
-388567
1160605
918092
-1224420
-1728861
-1672766
1050132
-1475729
233229
-519524
-219282
-412438
1428399
-532773
137364
-1800331
-627293
416345
804635
-360180
366319
43382
473856
1273220
220889
152582
-1670733
654599
-1018132
-431442
-111721
-409433
-197218
365884
67529
156846
624979
685500
999099
1050822
418632
788891
343914
1400635
970551
1011892
547587
65679
-225090
-1425184
266241
502575
20355
920023
-685534
1307497
-1249137
371406
-1260230
893907
558516
37330
-152441
1316834
788795
-917781
-259875
-140397
-24065
-1713713
821
860125
-2912
-1203181
-1713304
-74118
-177434
227552
324742
-1855678
662745
477703
-241451
-474778
-595842
-1167774
-492938
-1018387
585390
323728
-747895
-250059
-1624547
-238316
1278864
-773172
272363
272642
1071473
-1715118
573247
-219202
264451
-1105038
786376
-30356
1048123
-213339
70701
140692
517693
-251374
1187728
-535588
1229851
182202
168467
-925452
-232101
1677538
-513708
830740
1307478
-99752
387940
658567
5318
611267
-978558
-1815882
58158
663223
-1599097
623362
-93565
855677
367757
140601
1411079
-182275
-215509
623472
-408178
-49129
-825063
-245055
-1322807
-564332
520397
375910
-34047
252618
-726120
-147432
677546
1771419
725366
-270461
1590162
-270765
470444
1112693
-640001
104411
700446
948883
-645665
-355318
610623
373440
-1209951
-1646066
-315486
129549
-1599493
1156325
-456797
-385918
146982
-307572
-572815
-1105814
464978
512503
441380
1141573
-1036256
-671600
-82810
1419500
1267509
967042
-1134318
1153137
581909
622141
369440
1406651
-565214
697416
-1081956
-170490
717332
406474
779500
-263975
-446927
-914299
-1081959
467083
999487
159927
269737
-447322
655157
-670015
1626266
-1636948
280825
998695
-977145
497609
862933
-4106
745705
607486
-850404
1096687
1078553
104270
1276007
-72342
540165
30203
-1283397
750175
-292590
-1381045
-144764
-217224
1268894
-1120809
854840
1461132
876156
264939
-1335947
-265704
845898
-1270843
-456532
227811
-376725
-368439
52458
-1719776
-517185
1863771
-1109809
135994
54921
-892518
200729
-301634
-233117
1238760
-1502189
1638615
-117392
835090
775152
-1195353
85312
32109
1266440
-836707
-407567
-1519850
1065180
-50044
451786
-134002
252420
71972
1062895
519568
-926341
-1135875
681214
-308982
-571772
-1348838
-1573877
220620
1563743
335437
-697882
935176
535549
1153268
-247899
-223963
-300580
-374826
89322
-251464
599855
991992
426615
-416641
-632482
-284298
461955
-697509
-449136
107977
-481079
273240
-893902
653384
805767
-1207804
218146
-384563
-317785
-1350711
-967327
159224
62700
-1730380
-198940
-57321
1624534
-691326
-1442630
1477723
-489798
471278
187167
-1643689
-500004
-148645
-1257954
1467936
-172221
-1039153
-784690
948286
954656
61617
170129
961007
-96611
39525
865012
-664673
-1406606
-623672
438766
621226
-909354
260661
-871082
170622
-389312
1151598
-1606848
-552587
1476038
550361
-210403
-319420
-724685
-890750
-1300599
-397413
-974003
-727788
257822
-702380
-784957
-261598
-607742
210837
535254
-298832
-468458
-160725
-1006658
263456
1207042
468630
-766328
1034498
101716
732014
893159
253876
1012094
-887919
328702
756904
1269432
-1261931
-515570
-158283
455583
396404
1130126
-308334
-379223
897593
1161913
-66360
-1051908
577472
-362813
1248825
-385792
742472
157154
-78342
-1358810
341508
-90326
522243
129881
1269730
-633832
242893
-14227
799519
-381066
-377801
513259
-775854
335125
695171
-444348
139188
875
-214868
416505
-323466
666348
-1312281
220923
-1499860
200415
-1572857
-87963
464541
-1149402
-1040943
404923
62559
-876066
568905
-235551
162980
-98941
100354
-103310
1402942
-169018
-49855
-108401
183559
1207062
-1415006
-1701740
1406097
976766
-214496
-1519038
-507409
681063
233448
1039533
-886821
-300730
444635
-298997
325967
-168935
500917
-1256166
769977
1168951
174568
583607
1354919
1008310
43525
160888
1448161
1162800
-950822
124162
-334286
558292
997213
-1195743
-791773
-1522940
625991
1194255
-1762326
1089416
356069
-195610
93990
-285038
736053
-537532
541206
297830
-451085
22891
732894
-494594
-515950
228234
-568520
-6279
506332
914579
1001683
-50498
-2820
-1600631
-186399
-583148
1416172
-347960
615590
-1146013
-1543535
-744215
-555525
243224
-105301
-823549
610989
526076
-592444
1178894
-650334
-277949
154759
-948396
-351110
253182
1223561
497707
70113
212518
-133537
225653
768133
1171465
-686581
900672
884968
54807
-194485
-364834
76134
-1134956
36282
573609
220524
-679890
-505751
-557668
91327
847570
-584831
-1126916
162340
640609
-366444
-1295062
576039
-233187
1520750
-583650
73587
825155
552663
58474
-108233
327927
208101
441017
733665
239611
322476
-673961
772495
-653087
-750262
-376766
842201
1288389
-528300
-272212
-627116
-785341
322823
45634
-155153
313781
-365864
786583
-80199
183429
512003
-866167
70298
-440298
-209233
-786543
188706
-419977
137818
-703257
210723
214663
81580
-306413
-523296
-317169
1601491
408114
-1054083
-903752
194168
198907
1749313
106151
959450
102243
-449708
-1248918
-1104113
-95535
664359
-766748
-367707
-518366
726659
133573
1489996
126414
575935
1065328
-515396
983311
136542
1866273
1070949
-4160
-801183
-985018
1010746
-999131
-800167
-66039
196529
668080
1366562
-1225920
-1531141
1594581
-1578914
164305
-41971
1163664
603671
1016001
-818051
-75527
-814538
-625965
-1485747
-858967
549360
-332971
294667
1094748
383705
303806
1555468
-49374
-842348
493064
-722109
658644
1116062
-1204417
-849273
-870917
-1170600
444417
-859669
300367
536076
806072
-697990
441202
-299252
1041989
-255732
415135
-752656
-674438
221831
697591
171451
544362
-819111
-531134
-1745632
382158
372953
-1511994
-342708
-298438
-1454416
-1456243
397329
421423
477750
123317
1367398
-208128
705493
550783
30090
532089
1728189
-795347
596564
-656798
-680490
-230629
-184855
4401
-415197
-88281
884479
-1649819
790856
-127197
177109
-579158
-134866
-277718
853111
-174227
-408716
-47912
685153
-294655
-328883
777363
-648304
1281712
-478548
-110647
258322
-696443
1662329
652085
319091
429391
-1292642
1603699
-1060676
383972
-234463
1419584
496767
-461541
787639
-502460
1215000
-101363
-577247
538758
-474639
-1252462
-142275
781269
164862
427295
246835
-651986
-90297
409208
-629043
952506
-406560
-1490970
1872315
1299481
1306461
-1348795
-295877
-524149
-149843
905395
-1297819
1288580
1158616
-332216
810799
-1405376
1141070
273714
417415
621363
-1175682
-6613
612737
-725477
-79637
432308
-12680
1758745
-290574
-939
340052
-1466189
-661919
1211222
-867944
548210
-1137363
-173309
1149411
-1101284
751756
451685
-578502
-344677
-566398
-760703
1015287
1669729
-197989
594627
1871057
1154207
652177
-700525
304393
151448
-1678299
-673660
686213
-1108922
157255
801262
853702
-774504
3579
-771010
-95118
-71817
-1779779
144761
-757110
-1100063
310176
-575243
1542428
-287229
-1247574
1276873
-881937
417544
288893
-90035
-167111
-55789
-1393762
1059937
-456610
-744869
-535864
-961710
-85773
-84336
717672
-1347100
672709
254733
-446085
-116727
-286164
-25927
-248569
603151
108446
-420550
-1430756
-853733
1135258
1455105
336130
1143199
-24736
-257662
-1653960
-1795908
588365
1401382
-144420
-1536118
-981631
251042
-498356
-232430
-1175553
487506
1101131
642714
507070
308347
-1189457
-234582
-383280
-651552
-545966
-630326
106263
-1154105
1430967
1341661
1195757
-527083
-558647
-1479665
-1505672
-1052767
371488
699311
363607
210813
1018212
-1423305
-684952
1883149
-671205
-981012
-1227557
-141373
-458054
208168
1068884
1304561
-1212389
891994
1141689
53536
1060835
632463
508129
282538
811628
47948
-199456
-207870
362441
59636
-401585
-1199557
-373017
492044
-129947
-1309103
-523524
691710
-408762
-113257
-95482
7243
368186
1390195
544875
-515385
-181095
-8780
-924284
43692
-430125
-57827
-497248
112672
857369
-391775
236172
168453
28128
-237370
-117494
1402996
185692
698442
-1455529
752852
-2943
1380178
719197
168645
-1397590
-109742
42979
250356
-10237
-1191002
-231345
649066
-1027237
-319881
1065169
372875
713909
166870
997413
-12850
-840822
-1003085
-1889434
-560746
117960
-739811
-374319
511323
1401064
1034417
-1141340
-791190
386852
-823601
681622
-175344
939545
-711017
382884
665356
991004
-968331
375047
958572
803699
1947096
-225606
990303
-92567
-282193
-435184
-416281
-1746891
-472739
111558
37513
1269253
-614581
-872438
-1008760
-1223795
-32196
286591
29538
763518
52256
-314859
150763
986648
-563919
-513682
99057
-1299514
274575
-843595
-354862
-1390282
-361770
-170311
-333064
-1530731
-437660
246016
-651036
1148326
-281884
547888
44284
-338384
1188107
472811
-1227298
-238762
434526
-336526
1310881
684492
301600
-1046966
473509
-1886828
-199325
679801
1375250
1106061
506616
-895563
-192346
1077126
438915
-1388851
-1655324
-219801
-402375
1815393
-735731
313977
37266
-811323
967218
545546
286751
-751569
-453012
6153
-204917
-196941
-1081379
317221
825197
-34341
222887
-72160
-628652
-854060
1364951
-184148
378091
-219157
-114197
-196571
154117
-158556
-400896
713268
-524417
-1420532
519530
-767384
1048288
-385395
1120483
379358
375875
811832
418867
-126728
-574677
-85994
884860
1321842
808595
-510156
-61065
-994593
272088
847442
1636642
402044
39459
-156246
-673504
-716681
-901491
159168
-294869
72370
-418050
1558894
336698
325021
-531771
733434
-1259608
530346
-352022
1584577
-506956
274643
-618418
640050
38527
959949
-893466
-398429
-242439
-14231
132108
-514309
-48824
-387272
35092
-600757
998589
365849
133753
-1361262
439646
-1100188
1113342
96340
395009
-48928
679301
-392155
-522320
824407
-51038
940210
-291688
-1709147
122602
1114635
1203876
-206500
42698
353863
923492
-943832
-489785
-893973
-442059
-1143147
333621
676933
1095954
-404562
1529286
173543
872381
455944
-307459
-515343
199429
-556030
-217366
558987
1167531
1726710
189371
-793144
560564
1271415
-1085457
312781
-181946
-1441103
-514120
-1349904
-631215
-86095
-1010859
1281292
-451411
-1903840
976542
-173821
-211501
715328
-245101
-582879
233250
421490
592300
-356661
1441481
-885111
1166903
543629
-743465
55418
1109847
1411400
-1804420
-832348
-788686
867385
-40361
-42492
138579
-1275582
629315
186879
552976
1340350
-474430
-485831
-423926
-26086
343736
726258
221624
-107462
-1242588
459758
-702736
238260
92456
1258708
-492764
1107566
-1467312
358433
1175097
-1050450
105213
-871302
-901720
-1317714
-1009640
-848026
-46461
-1712991
139972
-1351086
275124
-699689
-456646
770925
664536
719668
-37810
167556
-203761
-50430
-623274
-68597
-782295
1087004
393247
522142
-186633
-429494
807490
68123
1253072
417715
-176396
107025
-552543
-463788
13996
919678
-977701
-921064
-1102862
-1058453
-1868777
428361
-516462
-1478658
344537
-153446
654126
1097170
-1133042
-1834286
-258119
517837
451935
-817226
-489511
-708966
-321945
1380884
-34173
-227291
-471771
129249
221933
-348003
-105974
-332093
-1022916
-1700802
130049
677258
-710840
631991
-654163
768787
-256633
-723850
437270
-1364805
1541460
379511
738539
-291185
31989
12553
-918463
270933
-1571662
873587
-908369
766646
427548
593116
17921
91721
135056
-544177
-802539
436812
491644
-861790
-724593
-1208934
54917
-618990
1497821
-704117
614412
-744273
173633
331475
322669
-1628204
-421493
358835
57340
291593
179859
836235
-112353
282602
1165886
816276
-1259315
-1332216
834074
-1113309
-1149083
-1653841
645614
-643544
1543660
1467948
-837172
1043742
658627
-1710075
-1121082
590873
-613663
949264
623898
118468
-370047
-1309816
870603
1401450
101440
-490369
495607
1388504
-1214281
-994996
-97619
290552
193302
-158629
234819
836903
-296154
-1376368
-284083
700002
1869488
-201123
1219868
402615
-570056
-193649
-1482417
1195963
-731718
1047628
569157
433933
-6621
-429056
392683
-1230517
-997038
-1247626
-137726
-854454
-1537474
714149
803940
-1180575
-1629802
-499412
132958
396393
-70346
-50496
-694900
1329889
662750
647077
-1223978
359531
1826884
415438
1018388
810210
170453
9728
-668274
-121075
-776864
805556
398053
-214685
720319
271073
744198
-1812818
-149356
794598
-29260
68330
-1169811
66492
851717
921263
971631
361000
76977
-1013190
841205
1131433
1242787
306385
-536562
-226512
-156493
-1026071
-740875
915233
898988
1349744
-821794
1036621
1042824
437412
-844902
232543
-1109103
-517135
-1446493
1542122
869736
-1567899
696068
94900
1128813
-272615
-82629
-79375
1125951
-724187
-1288468
1200633
-389292
-1715707
-1726741
-260070
502905
47076
-921232
714276
516248
-285933
-214434
933063
-747086
210762
628509
-837213
760800
-313429
232934
-655357
-140753
535425
1217385
530278
449931
-302860
-1178889
110769
-526595
529429
-229286
1555212
732450
-226988
-217734
663944
-1135066
-566226
1266537
1649289
-140583
1588341
322292
660298
314826
962463
1618955
-348179
173175
-407417
943169
635973
59491
-704813
1024049
1567464
-529393
-918436
-998305
-1796497
-267740
331586
-994284
-308034
-1336513
-1161298
73192
-539096
-216536
-552808
-159664
163572
-134338
-363003
132586
1624673
-918680
1082991
463825
-1147745
1169473
1479646
-686988
636495
415817
85379
-689301
-721037
-814696
901017
-676373
292168
-258875
-69419
958586
603133
1190194
-170870
19504
-1633924
405956
508034
47725
-45059
272621
-470324
-261291
719556
-753795
-557237
1199899
-294806
621260
514310
-884326
296182
-85456
1267992
179236
644327
-169005
-111066
28436
49832
1027602
-735471
-1313305
-983952
-1305660
1453907
-1107138
922832
430383
-456646
771383
217398
50060
472330
-1200718
-1020189
183003
-735191
-548671
-411343
918512
796724
-80489
617723
-587962
-960819
-1457435
-182720
-1435922
1543481
-437047
674810
-704660
568636
1606297
1194420
95122
1606111
287907
-1076510
-312648
725443
-187131
-94554
-1359190
416747
225264
-791793
651723
1195626
1093638
36804
-136869
-92021
1023710
-871116
-248569
579356
1453170
279839
-281193
-793638
-73462
-795083
-440558
-539404
-531369
139489
-1596049
675526
404188
613659
187930
712472
-48813
-419010
509181
370930
-159611
-129276
236108
723946
-333536
63580
-235528
628214
-1084246
672415
-305684
-151865
245973
-104726
1410147
-261344
-365674
1780593
59468
-1060782
103116
-1054939
1037551
-1164840
-1112439
-511239
8765
698922
212074
1319897
-830554
-291448
1853147
-842714
976195
1149165
975529
-1688863
-102402
647411
-1665691
-1086796
718960
814806
-834763
1716369
-785215
865829
971179
71838
942793
221576
-143594
91775
1074541
-198989
105731
1570406
-945938
-1119136
-818651
-995068
-886727
-423229
-1106015
215267
435226
-1229823
-358625
213295
-805616
93728
-579336
359978
-1072281
140826
24851
-254785
-2721
-1524627
472169
-1074966
-501827
530354
220898
577948
-1565642
-429981
-909171
1241365
1346150
-196690
747806
-801723
-735238
97063
356984
-1159022
73540
-1797
379675
705235
1045692
-344839
-43011
-1137377
-349330
536418
-843280
-894624
-313354
-633491
464691
-948987
-933143
1114645
255743
1024324
148118
609064
-999041
-1698278
1361153
-876892
-197629
388440
-1448088
1307264
-1226548
-58845
-957699
40531
-464580
-608435
734022
1080688
267452
-215415
266090
208482
-514290
-134156
-228341
-344074
-1060097
456444
731013
974521
1203197
-151701
587196
-623529
700446
624558
623980
-608897
-449642
483095
-437351
603544
-710875
545479
-504279
31205
-897450
-5736
-1204854
-499063
124739
-1178886
-155176
-511270
1795437
717083
-1805334
372195
-182700
1139210
833061
-162464
99648
-476485
241787
-264611
-192352
-537035
515597
503918
-1125589
783285
245506
-1697277
-508803
-684344
-141510
-483036
1982698
-1115815
-1267681
525153
597345
-315789
1107143
-1713153
937181
-236302
372965
-551942
1099937
-1041690
-851663
-473643
-785058
1517235
-300181
-397921
-629617
315102
-168992
-911939
457810
515724
-208451
-1171288
-495791
346409
53154
-1070539
-147418
-350438
-521500
451851
181000
870134
-1414961
-957915
310446
-965052
-666681
178453
644645
579882
-740789
-599812
-1686141
-247090
36296
-461185
-154384
532465
-341656
947539
974710
-742032
443372
-710770
-422658
-621670
1566034
-942227
-464299
-431588
-8171
259661
1093715
-32740
128326
-423940
-1168232
1248101
-32950
-234396
-374234
705436
-201544
558277
226762
-623663
-396608
-494525
627887
196855
442787
-129036
-165258
-373815
-312260
693362
-1562137
-1171457
489024
1384865
-230461
442634
982614
-1770604
909230
-205154
-140235
1050443
71922
-833396
-582685
267196
-853469
-423374
-29053
185647
-402452
-386280
1103315
584298
1440736
38436
-1857487
-1537684
296311
-746302
711362
-28814
-1247686
767475
-501279
1398454
-595951
-1249051
61737
-1017153
-266552
-837895
10717
1312185
72837
1329272
-814669
-295670
255383
-1002123
-373401
-214208
-1790871
592679
-335446
-20178
-582906
-1400579
-434885
449188
174115
132093
522058
-411863
360550
-1250335
578888
109811
-285509
-847635
135405
-33459
1276903
-169014
-93513
116231
-610339
298701
544282
989156
-480233
-490404
474394
-1549200
69102
-15971
16801
-1063195
-404552
-1650315
-766558
-1337696
-951277
576793
-1894970
-376499
-1259294
1252954
-780080
-695023
-621107
127515
-314010
-233887
-591824
-535949
-1572200
-850759
532950
-182579
-13576
1058747
-845763
227548
979208
101480
-1448127
-186297
339322
107539
-566171
-933725
1305780
-1014612
663163
-702008
841598
-556419
793118
1628159
-51972
-338167
245825
29655
570715
-1233440
-218566
1132202
1449864
-450874
476775
885679
766303
1072419
-575278
-839538
-428153
-383462
737833
-224254
63963
-359027
1057743
-48197
-1338291
-301003
-214079
-1016188
-855624
881935
-107134
-1814120
-1260440
-1056786
918850
-997033
853257
-349666
332739
-857854
403691
731647
256654
-1076045
-568386
-847938
-1470819
-1196888
-1283404
631088
1239433
24490
-12541
1545828
278426
-183015
-121163
1433582
-1044671
1137490
931102
-1647310
-281817
-71416
502739
78336
937108
-1573874
394275
-753330
377280
-448917
-479106
-1248269
-788240
688581
-1038047
-627988
791516
-697040
-1388176
-527214
-483278
818352
774489
915610
1744773
-658339
421144
1851113
-1012511
-1147380
-1318491
147622
103892
-233889
-207763
186009
896371
385950
519880
-1175459
88591
-1170824
929640
354117
-979665
17032
-811051
-738921
-30187
739860
588998
-127222
-271919
-203059
-21544
347188
-1059495
-811432
619816
-998521
-895583
218546
653558
-420650
844542
-1474814
-823425
-651546
566355
-610613
-461658
-184208
1572339
-1275216
-605074
160679
163114
1148520
705489
-358406
-962636
-933985
483669
-363909
-398842
-669613
-1025555
-1395759
1192727
529170
-205283
1368327
-1859742
297283
607942
-117734
858182
938456
-202226
1384601
238169
-1313077
587353
-40136
-758181
-590188
-280199
-335145
386724
-565114
66990
-113341
406211
912984
825428
1394772
800939
1583477
1293231
-374215
329577
888043
-1283983
-857362
125698
-761355
-690444
-1060069
-72421
243108
-652779
1271917
1492135
280988
1129880
419523
577818
-277697
377250
-1231151
-43861
-1080410
560620
-591336
-607404
694881
-872305
156091
-702505
223453
1053620
585478
52422
426071
326396
1670638
330771
-403326
-410636
716160
186143
-43719
-446983
-107871
817770
-1612099
11954
281457
-388190
32989
-677807
817481
-309205
-663911
1330511
799670
1885477
-1844790
715672
476082
-268790
-777479
-137892
760265
-150127
1715627
-1222538
-646224
-1633346
460135
32541
-456370
-446602
495679
1065408
-296118
352715
-1468394
67
799220
-1256879
-983771
-1591409
-1061285
453238
124157
-1275112
1056435
62289
-869579
-8335
1138262
1389299
2226
-608873
-688681
152859
1059569
-1470209
472348
892289
-1152239
-623919
513559
-887141
-97037
-157368
1056893
530848
-765622
-1053606
58513
396043
-130774
198374
1605850
-919754
-148704
-849200
1125384
565158
-1015086
-1782552
1111224
141932
-990635
-1274951
-751257
1357612
-899093
321795
1234284
-453734
321437
750846
-352767
92391
-116568
169711
73725
-125059
-444189
532088
-18243
479806
-365160
1611057
-910108
646405
-413286
99445
-163470
-866486
-140375
-1073511
-1350725
992123
-1403410
1322473
1596157
307575
-695185
8394
-786992
973901
-164447
-972118
-727107
-1552685
-1490883
1140641
706748
466459
253436
1012033
-716635
-1044413
212045
-906571
246889
1282848
1130499
-121213
-1321511
168731
998452
1755584
-1326413
-78222
-1190542
-1339783
912100
1107710
34423
405520
-772142
978239
-1370025
38433
997023
-1296913
-401581
-181335
1442559
-1101787
-948422
1608826
1156316
354914
-479444
1259645
-513540
-183765
-968978
402611
884034
-383353
-125912
-826128
-773887
-988957
1330619
141692
-1007054
1340013
-275408
700886
60715
-353647
84572
996470
-620665
272752
-1076194
-290772
-674898
-992423
-694216
-883532
-785372
-50548
95084
1498696
394167
-1048417
-921425
884850
-337132
534920
-359329
769157
-1110132
360774
446921
-1498742
294411
1615545
867645
556969
465752
305980
525762
408321
724798
226403
-220394
1554099
-527565
-1553057
1381716
-1355207
-155746
1093451
20121
-212746
736691
-1165177
-702376
-670923
1689989
328110
738917
-1565001
-352370
-131553
1668834
-57032
238500
-805306
600687
1224565
-276639
153742
674630
98539
701591
-177046
-699485
809071
403223
-10743
276690
-822740
428595
33017
-118292
220866
413207
600708
379376
-1412217
674442
291086
318649
264650
157415
-1053246
-1413647
-835995
-68627
265920
-7056
91719
858676
1688350
1521290
-343590
-1452520
-303074
-667183
-78863
305952
304770
253860
-835225
-1587246
-349647
154499
518663
64968
-650848
-490494
-636659
1601699
-77333
-205033
697657
276329
415912
1054829
-335338
-898291
-245825
-1771623
591324
-474936
1023962
1133385
552935
145992
1393437
-862307
-381147
-802724
678730
620579
1283458
-55762
381186
-1127832
-1093885
357112
-494808
-743958
-91451
866082
446065
1056007
-1256686
446945
-388556
-93483
697710
-105446
-627951
647599
285547
7826
-317683
-354495
-476421
-408507
983745
413240
-918282
987526
-1443090
-346611
-1003149
912189
-589541
-433168
36641
290162
1026478
401046
394653
190685
-18440
668783
441407
727392
1346420
-1097417
-294424
504227
253283
-134574
1857468
-1449015
84714
-307840
654317
255001
-1073907
296236
-899638
772983
-167167
446647
854515
447281
-849387
434689
-1572968
1161922
475298
9755
124399
-709123
-154385
-122613
-908968
-505175
470203
1282709
435804
322588
935409
-1610352
-352622
-49339
-93560
-658034
-1741454
570797
1187936
480189
-440616
-1501976
-1486723
-743188
573316
-645465
-787432
55910
-540021
1458712
-162999
-819267
245508
-1788538
-1302783
385087
-1248954
-83446
814070
1059846
241524
-341362
1391577
412336
839072
-845226
207490
604383
-148129
-1179148
-607212
952460
-325111
1438172
-927836
196121
832816
541202
-1352841
252672
-1069880
-104544
-662361
1374763
-173665
-968453
1360936
-1203980
-1599960
-230075
1375172
-1276678
-453541
728526
-462754
-349217
-1811660
-78179
-20805
1416894
1519970
557382
1400779
24560
551906
640236
-1140258
72772
1219926
-374794
-926595
691307
-236158
-949936
536426
350823
667164
-325797
-490460
1548719
-987847
661239
288650
-1383587
581494
-117604
-352506
-735131
-291458
1322431
1611934
-182803
-1154568
1571636
692107
-158613
-1793664
328210
1785867
1318541
235940
-1027632
-1045345
-1205926
-96918
178777
103175
663650
-405555
-485319
1508507
1739103
-245997
-477465
-15846
848964
1120430
-1193497
548532
-908842
1383578
492245
971286
162503
649376
1312763
-998870
-1103668
1548198
-301093
14343
-110690
686545
-2398
-250190
-300077
-427609
1555019
1527572
-412946
380460
-1698262
-219874
-1146729
1364549
484987
-213081
1872610
-1191596
-897087
474072
723934
-59058
770781
-958828
-32356
653693
-121832
-1068815
-680028
281964
-464151
-39315
255983
474870
284364
-1149755
-138760
-203252
-164007
-1174291
385011
1172506
-259654
-144814
-1026119
-454071
-829521
1129649
-958100
805370
130215
-94331
1311535
-173146
-852653
-182082
88262
1243092
-1038561
-540157
1394610
45257
-127654
-809188
1699890
1094324
621845
995936
-359513
-652175
476183
-222588
1200954
-193071
1032683
-1882176
821830
502109
-403700
-609599
1397344
248652
-18370
-480683
245742
-1308392
-597912
321645
-296508
211203
1140607
671061
-728262
-310925
14707
249022
874786
818066
-271338
1079827
-107332
179722
-395681
670237
1295679
-665059
-780975
127455
582504
1234989
-1210125
-90442
-1010646
-311882
-543023
-354343
-158866
-1035860
138616
439871
-568969
-24733
-1403937
-1240621
-1193560
798941
-891564
616838
-134344
-1257365
1268489
-1082548
-523829
-264100
-269189
-749533
-640374
-1765608
-301549
1615488
-1145350
-810701
-1467030
-699897
358091
369996
333102
-1622023
-1136299
-84991
241168
-525390
142288
-1298175
-249893
-1577849
-717165
-346964
1347017
265988
-261643
-800143
-715195
1229854
-1438409
-307273
-618015
1084020
-449345
1349844
526078
-207900
1271194
-246777
122183
1438938
-872235
-13059
613225
907304
-656856
-997242
-113797
667973
-324609
-373391
-1341083
819865
260412
1422139
-148252
-1144988
-306412
1730637
1188048
-37285
-244319
850545
-658646
138002
745641
1283076
-682815
465118
-1621091
-23275
1370940
125850
-1549428
186832
1246623
-325714
-604696
205409
-458432
-35266
-250663
1553755
-517631
-808453
-30743
889576
-544427
806619
193440
-973910
-494823
105417
-1026748
-54501
-627868
-15223
379922
-1339207
-684739
1226597
341821
-1426824
-109834
-627610
678491
1397950
83134
-676916
-1649278
-1187687
-1236487
-581775
33760
460049
287608
-109860
966112
-981082
-1199499
-155002
-436767
1015858
-128506
563923
-1555810
-827006
143574
-428433
-971865
-18346
-793673
-1488859
-1018177
-1239609
118073
-10000
369423
336402
1529285
203768
350575
1381187
799263
-821476
601911
-44878
641440
-77860
-392239
1028249
315980
-580855
98063
576214
-897827
-6001
711327
-1393953
414525
-1381466
-467664
-1084280
101534
581159
752629
1400962
-1197486
893038
-1234996
655999
113362
519216
-47856
-1695098
-447393
111202
-404630
1472337
-822983
-1248807
-495782
181594
1336335
-1072037
-832760
-540354
1378535
-538276
726856
-161582
1004505
-36286
393615
-175927
552461
1711273
-594920
409384
-380430
499188
986979
-319212
1303501
231191
-95073
627675
695878
1477919
567002
1096805
-565262
-920271
1332134
-460801
464761
-795647
404169
-1160172
-812064
176626
-1031534
-163707
-1612615
418284
772547
-432804
666449
-68682
-1430157
-959791
702072
-93647
983272
518693
-627739
1017968
453145
-237693
-426190
1089572
-1368131
-281260
-246985
-1500849
-293109
1357209
-122699
-499895
1092447
559664
-556329
658670
372966
1947979
-45722
121174
1232407
-1722768
-674987
-56595
-447611
523179
1405581
-126899
-223211
-1907727
-353004
-445158
-25945
-367188
-1286974
956987
-1307816
123955
841164
-1354755
-527383
1087835
868013
-470034
1570808
-1026970
-3691
189941
-276897
-410603
-13817
1334729
-115142
169897
917762
294120
-90565
924728
753756
-109797
-1147577
86989
90726
-336329
819867
-296945
-826080
329853
-434908
84863
76740
804222
-1402812
-1174650
-363374
841945
636195
-1079914
109032
-558362
-98914
541773
-316036
92240
-1275621
880696
579603
-1041429
1181210
1932516
1340386
-1065206
847889
-1106218
405460
555694
315967
102045
-176242
-1487782
1003444
187322
1095293
-1148754
608480
326027
1278510
250153
313697
1026937
-993882
478993
-233723
274778
167001
1433026
-33870
75799
-378059
450996
1160960
555178
133018
-524895
-517304
-152737
992023
398197
-1180370
967671
-790909
387136
-974660
-655240
-464375
317784
-786482
-855252
9364
923984
-1027463
-827727
-438699
-353458
-363679
-590266
1328885
-698872
563320
431473
1036320
941066
-351464
-683253
1270235
140573
1546965
-665685
51996
1001652
-466261
12093
757758
607198
-71135
417701
-243763
694248
-190197
-703545
721104
-22753
-1255163
915523
-688704
710129
-385301
-1269515
489607
245335
-270193
264769
-1225815
-478152
-1277405
358349
431824
517078
314350
829675
-646094
641667
-330365
-432494
-35606
-12380
-507762
65231
674731
1531015
1048729
-777669
1484967
-607358
-1173803
1260161
1053167
1701877
-1624855
199018
415767
-1245484
-796398
-1173861
348650
444818
-150285
-892301
-237517
-162794
-653151
-1182373
-746427
-1366243
697177
899922
-1019694
-39081
153976
-256877
696813
526466
543196
194245
975250
-459590
-549207
-945813
12107
36622
-1044362
-370624
-47376
153008
-585029
476954
-41117
1616737
-314543
-1668072
629699
-331246
-135287
179735
-923618
148329
-748050
730219
-940370
1026030
-1208352
-994821
-537031
-128114
232207
-1289420
1299469
1260549
1052171
-108174
-340023
-9875
-468278
944021
672420
-98978
-1486759
-1061307
618140
-705474
1172495
-264283
1462297
1434630
1376231
-137904
-96814
1398350
770441
1492982
191448
291645
536952
-664332
-493770
444354
-911532
-1708782
-921779
672200
30547
68741
-1103015
-1335349
-1160393
475518
-599324
540470
986419
-751518
234550
819979
-882491
-296641
-1394714
-567799
302301
472285
1004380
-898225
667586
730164
-212747
430244
1633912
-172621
-1167202
-7460
-1162653
-163696
-168835
-1314771
981191
-380578
-349554
42751
-1053651
-964935
132777
-508824
1454756
131591
-130033
928247
-771050
1621469
252485
1780145
-658657
1634484
-120860
-1375153
1483725
-659374
45686
338388
-811820
216241
-607224
-239087
-504961
565923
-16080
577720
-615894
-529021
1162843
-297272
-322164
45602
-55621
-459904
378206
-745385
-908134
-1723518
1111483
-55724
-1664096
-31911
435749
-866641
130892
-435732
-108034
707431
-1074863
356262
-1313768
-1357049
936779
-598777
155252
366431
-709752
835658
-941239
-281482
-200257
-374605
854685
-749040
-180414
-1366210
1618754
-802463
-599603
430471
623277
96040
-1360364
21935
747535
760242
586769
-107276
-129200
-633261
-1125553
731416
-1142944
58062
883828
-858457
836040
747294
398519
669457
43216
-416881
59818
929129
-265481
-1395934
-9932
331377
740649
-702932
1258045
-238518
656365
726058
-583792
-1209410
774330
1338299
991431
86677
341924
-838730
-992889
-554390
502394
-478939
-21598
-1089204
-251177
433148
647239
-219181
-236142
-696771
541498
425871
1933876
-800047
461075
27506
260931
-115197
706105
-366385
-564299
-434445
280790
-1910649
661459
-346
-217298
-1072825
-749073
446080
830479
1255232
-1055002
-155805
-499910
-716612
-591199
-14986
238584
-690159
-602993
-1388397
1254818
1119204
1070442
-1131550
-761644
-969418
-273539
-1733692
-676631
718284
884707
-203847
662944
-531617
898679
-1402213
733330
-776579
-365992
233606
771340
-377514
780047
-830919
414366
-1535064
-906283
1806613
1301339
-1183735
-616379
1639400
96593
-934349
1261818
-326470
190356
-901346
934435
-622032
-850889
384986
-1096380
52101
464588
177913
1488286
1669528
-507144
-285224
-669635
-205754
-1386724
-1372311
-969174
1356574
629640
-579551
749423
756687
694610
192675
1361949
-413628
746769
406662
317297
532080
-899297
-247596
-247213
-225688
-255253
294702
-1684607
586290
-410100
-1125083
-145934
-1591482
141921
-774993
-336722
-288427
-452234
-1204550
947356
-277932
314846
-429468
-1057152
8646
927462
695865
930272
298070
1383016
1322291
-684245
93324
608402
1220657
492140
408335
-471653
128753
331661
438083
798436
-1526884
-579427
-799959
-434853
-1160103
-762273
-1117183
608634
-299288
-248845
292756
1549714
169293
557212
116443
-1438960
1601136
-158396
590237
110994
1473535
-604409
-524346
52597
149183
-473925
729656
-937133
316287
1370566
921234
-1383309
927803
-460633
1029714
571148
1699476
1739961
344277
665867
-165131
1317753
296130
-1242773
323214
-300622
1588825
-833375
-355088
-918224
-1230497
465307
86742
1100605
126696
225939
-1853679
-1121124
-1676498
1638788
-1353771
-1658585
-336021
554486
-1305179
-763885
-620231
-1490235
509520
226810
-750947
866114
-450210
-529132
1170366
-553991
177333
-879250
703143
270729
-1507843
-423144
263364
-1161567
1399116
1474494
144387
-844947
-1139265
-238514
257483
136013
-165041
-324579
711525
1675912
-218488
-239557
-884838
647416
945971
-998360
719136
66263
442931
433758
143682
47686
-234412
164280
-504827
-954270
-1298129
-352035
296378
154012
167457
388274
-199107
-504593
382882
-9845
-312937
-280524
1133223
1370994
540957
-230260
157478
604862
1406028
324519
420762
763389
766586
-349397
-1552583
-51436
-822903
-1135176
776557
-32112
-568811
842762
-252996
811197
-123480
-916289
341071
-141868
-315757
-6227
775298
179515
734470
23025
970932
-1167239
-794702
4830
-677549
-1154607
-1234924
-191475
-250937
894197
-1491062
1155011
103447
406132
1424845
766368
614054
1113457
213078
-405903
841245
1121278
-870712
939515
925903
-1653959
-1304130
26500
-992729
623620
1614334
1375146
-1658290
-1295478
570078
-827545
519723
239179
-658188
1306831
-1138985
1123316
986011
124166
83720
-1263249
53809
-1092703
1133825
-1456104
-1327176
-110795
-952795
885704
-1950115
60579
219586
-1126627
1025521
724293
-613886
93743
286154
-1027571
-1481819
-395690
-577538
490407
-1856564
1122656
-176079
154203
891317
334523
311860
883339
379227
1033738
261192
-583401
-853937
406099
985582
59709
-921906
-295695
-909298
507770
-477628
1314009
-381911
1403721
-811475
-1351297
1190156
212288
26101
1003108
182395
-155770
189405
-398509
1402683
346627
-818415
487110
-1276190
72594
440802
1206235
122378
539853
-486582
-322455
-120770
-157588
-973909
679229
-1617382
1113546
-142626
761117
-526407
1799864
-1087729
263530
250860
-107596
-96093
-552277
-788153
83038
271106
-795468
929138
-1244331
253322
-255574
-1137448
-114582
1306336
-180022
833209
-41432
381305
-242618
718528
-809271
-1425165
-503506
-932678
1712970
1056104
-1066266
1205982
980276
-819748
-1428179
-49505
464103
906520
1506135
-168471
147279
-259359
686190
765298
-366971
242691
86756
1736485
722062
118578
-191247
-888022
911862
135203
-283093
-252567
-238099
1271579
-1202889
21723
209576
955791
196161
1117800
-1160394
54723
384382
117857
626211
73542
32022
1214748
-841606
-732451
-132516
-719738
825665
-123934
-143290
1257510
-47631
385547
29861
-1167700
717518
1255506
-14597
960121
1442902
1661962
-267742
-815797
-1896570
57689
673747
409582
10314
-646425
696966
-20933
1553769
-1605249
-745779
134719
25434
-90005
-248835
-523004
1418948
1103582
159228
132666
725862
-724477
-792761
-855035
-352113
607270
-580466
180167
-753516
-262940
152859
-377818
91499
-1465234
-828265
-349477
-475296
-550245
556519
-898294
-105656
428356
734737
341665
831745
532032
140836
65177
471286
1273651
-908201
459181
-241465
512259
-728377
-1596815
-786807
-1499335
-407569
92425
378369
-1241517
-1007760
737512
431918
959497
765973
1167834
-394817
378918
-1259163
29713
499160
-56668
-645621
662881
1937329
-564180
-712867
-1009604
736497
-664267
-1103323
-740368
301677
335709
1021950
1069155
-1186185
1169751
-532107
506944
101294
280101
165360
-36624
-212994
-51863
457258
733637
-299124
594691
1413466
1679050
-958738
133726
-960264
9498
-553966
-246508
-1681455
1348062
603302
80767
-391971
1029879
-909653
-483634
-1160391
-468495
-233593
1195390
395864
418818
-594918
-1259954
-162594
-1367124
-1017494
-1207574
507680
911091
879073
635124
-10132
-1652762
-240828
1113820
-201144
-378512
204410
-340854
386996
-623355
-721829
-45828
-1459161
-131925
174079
263706
131648
-1128558
199846
618444
577769
-26007
821190
36362
-216307
-1761705
794215
-672506
1234655
359282
420470
-50959
-63199
-1064824
765215
-1421052
1600915
-1210703
-44058
-256148
-1858817
127764
-546205
-450709
778882
-102308
-248284
-1097627
-469095
-40023
203264
-184842
291943
633317
58437
1323506
667352
-666388
527700
-375233
539124
1328779
1033951
-974342
-749997
839541
844282
183762
491067
-540653
232681
386934
-139401
239618
398365
699313
-558787
209880
-545946
-41443
837889
-717574
491211
-1027993
-452232
215816
-564657
70841
-172345
-1314166
424926
522694
-453177
-10413
107998
-1775331
1804381
-225105
-247577
-1316376
80481
-1047713
837947
129446
-602311
-571165
-964849
-403671
351082
643108
-644807
-885859
-610961
-420
1498771
1622642
-545347
1017433
-383122
-1684176
1509302
698930
-802164
-344134
870419
-135538
724576
1090173
-1324759
443362
610254
-730949
1847417
-1570267
-245345
-677633
1597764
-59244
111700
420098
-734631
-523498
1334574
-777617
-1779454
-315053
660144
665572
-1086273
-320921
845130
-440046
-697151
654932
-1713138
-31415
903848
1254230
34582
1115978
-130706
1151390
147445
-963355
64573
-1078595
1883709
-900506
-415753
932666
1241737
-1491193
-1853538
1221214
240078
977040
745584
-1201864
-165006
-191139
362661
1294364
590951
-54121
1155056
-141663
-570991
1156361
-1551032
1380805
1592829
1770268
-633835
966716
620870
-437092
238935
-191946
353204
-138815
-257625
-773349
-643498
-1705693
415307
804811
53595
1016738
-353643
718134
1109003
885813
-645483
922780
-1061560
-366710
264428
-1549966
-1186781
-200310
613817
-1332040
789189
217366
236044
-1463873
93545
915373
-317932
1239477
1333912
1034097
17989
573136
245170
-537616
-163471
-235582
423014
348027
-561077
498008
-1428645
562329
135728
-738246
1539750
1022669
1361225
764584
330077
101992
1521834
-362915
412108
-1373766
80384
-273496
1115487
290187
-552483
1075205
68283
867625
-148699
478415
856168
-715721
414829
157295
1248352
-153258
-220871
-763254
-776578
566924
836378
-1403042
22935
-614897
136552
-865789
-109569
464385
-856977
-934845
462342
808412
-85335
-594058
1239386
-292914
-1832818
884195
1170378
-93506
-574369
325067
686831
1466465
498176
-1119520
535071
-254816
492501
-1331735
-1574448
-1633867
433941
-599054
-126175
-734041
-114088
177278
978844
283243
61994
472898
-969448
-281221
-1152944
815775
-437199
1168480
675033
-142261
613800
149801
521012
53331
-969
760018
-1140254
-539036
-248318
752139
-22500
-166827
-165399
-548025
75178
1528664
-517065
354774
1485312
260947
-163825
-1225543
156982
578098
-477232
-122196
-572130
-240116
-651042
-835025
-395847
1353402
364517
251807
1738771
-132378
469365
1239537
-923674
-168256
29711
-137849
-69056
1119607
-758827
456757
-357
506339
52106
-880420
418776
318254
-730163
-656654
280913
-409576
955955
616078
-1642001
-573814
-429787
739241
14865
78707
237253
368975
-1396037
623995
-265868
697404
-220598
412349
627568
-618800
372326
-97702
1540456
222278
1337
-1230985
-1371549
69370
-1734031
-999280
-525909
-93091
-974545
572977
-534497
712354
-350747
438690
848141
-397503
468707
-1116377
-13523
1172704
884605
-64941
-437258
-964167
-384220
654629
149392
-697687
-1571547
839370
174854
988569
-894162
519777
746621
369304
1339705
419787
1690363
-714431
-663217
902119
1360321
134317
-518269
-1083211
409101
391187
-522721
-339828
1130287
850603
99820
-153293
605442
736119
-191121
626762
-214168
-424002
-656853
1187907
-221932
-140679
390000
117336
-246053
852991
-1010576
-445802
184663
-893504
-1383196
669812
-117788
-538550
124194
1300818
173078
246694
-978060
-17200
1012441
1332274
65315
1159294
982390
1056698
-562335
-1015409
-598028
-454365
-734605
325972
-567917
-456173
1568656
-1408156
-679915
6336
-378903
-339773
-427690
1543308
-165968
1322420
-435586
327118
-212305
963466
975230
389170
-59401
-1180887
863428
432418
157688
21244
192400
1568538
814679
853260
-656510
906718
-855858
-119634
982506
1560031
845650
-471121
-548820
53325
1179667
310287
1454489
56071
746130
1261660
1694444
1124580
-1430837
1040332
-620517
-1683545
763663
-93252
-935256
-956780
-1325779
-197811
681000
-18682
1170577
-504331
790179
-286352
810300
-14994
806266
976625
473435
-638655
489143
-716778
682564
6953
-870801
-56782
57017
-1561691
1726255
-219216
-1453746
-118557
-390835
34977
-377820
1521476
161077
-400497
524024
-190773
-131004
-970828
-233614
747152
89228
1040809
82589
1585755
1254770
1551582
495460
-700254
-316140
-265607
849026
-301720
-460417
225385
-11620
1280356
805234
154542
1045384
63635
-328788
-1455071
1442767
-593864
70865
1651437
752652
925422
-1049694
-170746
697345
-749647
1076909
805805
-44944
807448
-140721
530916
-45685
1193377
-293825
1779647
916195
-735497
-509410
1400256
511298
-505124
-541465
1138933
-241756
-767066
-1588992
63663
120759
345144
-222128
543100
-197843
735838
-222944
-448101
988956
-10234
-673310
1058246
294780
-715755
420720
330586
-274007
1132270
-778346
926117
-227301
321398
-985997
-934113
-99505
943725
-1023962
853852
-1414112
-1453690
-667423
651294
-835010
-401455
327276
-48203
-431084
-310329
450276
126527
551691
577637
20044
1844256
392797
-181233
312615
1232342
-575018
20055
-299545
685715
1272194
420757
-1612295
-622121
89443
836054
9889
603947
-1473815
501443
56833
766183
-198148
299292
-837318
7332
-125161
994250
199561
-381593
-1181648
568527
735874
-757131
158786
-1243192
580396
-1589083
883261
-116342
82999
312815
1825860
-824771
349550
236477
-399959
1228815
-58273
-763958
-348820
-1072329
1419990
-984751
229352
755110
443817
-43676
465338
298978
553310
-418553
1646982
209638
1421174
-201958
134014
-393924
-1431501
128305
636896
1059881
-295696
-1390432
1183824
-319509
-224550
373350
-1279903
-306536
506465
-1175325
864562
-518091
1476152
135090
-66808
1507456
499486
-542549
876603
-1797399
769797
-995349
1371853
-496613
-176137
-1218033
-1697012
-691483
347474
510593
-1020854
1525184
600329
-71033
1533033
-145312
-1296443
1053450
76340
-516088
-313363
1438593
-100052
1160103
-404905
-1676369
-767083
171833
101993
516959
238137
-294051
-1101857
-981416
-53947
1035308
-35187
125354
131809
-843986
-742362
1134607
122463
410924
777386
-282869
1065132
-976975
-394494
171100
-1556624
-1051594
-702448
175736
1019857
289628
874569
1225189
-758225
-119591
-101267
403501
1155437
-1846166
-1044909
1332304
1428720
1162431
508230
-1035170
221883
-160925
70541
-1021315
-913544
-137883
128168
195244
793549
-27910
337903
550601
-94021
217105
206222
-1020380
-294563
-611630
-1366729
-448721
106396
-461930
1007579
-1084816
1446564
246425
-1005596
-930416
743240
-77565
273446
-920353
-55349
276474
-285913
-469408
740721
303722
-69656
-236932
-396763
235498
46273
652185
1551437
-245167
-1831348
548760
-170293
-461836
-43125
-844492
40544
550591
905686
-408010
-159254
-169921
835763
-577718
38687
-825139
-1174591
-1130869
1061981
716980
-901279
1517100
-706122
-159852
-822519
1934249
827104
-1116164
689559
144308
-78441
350461
206335
-35997
1049300
-1094900
-339118
-165079
1359218
1659448
-1088056
299230
-723986
389250
534260
875652
-982501
-1217317
1136188
-614405
-1196506
-278469
1298146
35383
-1488265
1421474
263286
-1735606
-516572
282161
-1051916
1623967
-1539782
-1199637
-1728665
-1401277
-1023653
967747
597307
-526868
1111376
-1674517
149325
-903133
448965
-479922
-54219
257054
-295823
-799013
-1144945
-421315
541426
240644
44295
850635
418343
-1047721
1666022
233997
-2482
-146394
284033
612264
871718
-449900
1320971
758312
194087
1649113
-568388
-848011
1114755
1413791
8451
-401326
-423885
1324747
-735144
170084
1034275
1585580
79797
20206
141191
-1964624
621937
-294652
91824
-980498
94735
-1326969
-290537
-677040
278719
-67413
-191278
-184119
-180883
1135094
619136
47341
109905
1206946
-1632755
107424
183738
-578281
390588
973738
-380381
933064
204600
-1401548
-658720
-1108053
315775
-550397
835807
686880
759701
-568958
-1131730
-217003
634415
-824886
1143571
-6043
946444
-1393866
-1314969
-854944
221258
250885
-1427360
197506
-1540089
507208
1266089
-686256
22388
1635129
1483992
791055
463807
-186690
102249
-901174
-207074
1439892
-464266
248839
773134
796063
935984
-749127
361454
296574
765995
644720
25709
-347077
-1015469
543684
105442
-693264
289202
557148
76785
255869
20576
318401
893495
70705
-1189143
606142
816180
422807
751388
257921
-444451
1246302
325202
-1923559
137947
534286
594184
-883161
-555394
-497948
502787
493450
1644
-267474
607006
-897856
414314
-374198
1017088
-482639
638911
879398
-69298
-1398162
117054
-589196
-495240
1585593
-734701
316355
-158148
1782389
-535787
-1113790
-183975
1021823
974401
-172190
544983
1036069
1130498
1095647
-119829
-821005
723656
636337
1066342
436286
-687472
-362257
1514644
-1125038
85713
413550
-1333918
1141301
531309
1321133
-1125106
-534442
-751256
-292187
-146365
368418
603670
-893050
302271
1520846
-230326
659985
1114886
1321103
928666
1225311
-838034
1255249
-1602759
-727256
-1445801
-510904
44369
-21544
162114
-1202294
-263579
663462
66346
686431
1014180
-1207261
1470057
-1096943
-356425
1037268
-407776
-983593
-1349876
1102220
-1523253
1393771
395624
543022
750763
1197900
1084894
466602
928026
-1060296
-672136
157317
-231600
273787
-54778
355648
118520
-56687
-767514
-1362300
-410621
1585639
723523
-575814
-97898
765656
465978
842228
-323026
-801735
-717155
61620
1875468
337627
-617721
1222786
-507756
-12424
-579229
-1318284
81191
-665819
149758
1150984
-1713938
-314587
1320965
-256819
458183
-97450
-371972
-165772
-735858
213870
953647
-1195908
-1171210
-1150806
-39761
569148
-192817
-1005135
-633145
-93602
1376995
-788180
79032
861237
913093
1410923
-221735
-623075
1363407
-1387104
88792
957290
1154129
-875793
1709559
-1045899
-1175081
-1020881
254552
-1466152
-479037
-235475
686469
648423
1310126
-899099
214989
-436044
584589
-148427
731503
374447
303263
-659057
-1397439
-154783
-265376
-139092
-8597
1075297
233073
-124969
925792
-1205869
-947048
-869847
-1213682
542228
-103682
-495170
1798815
-168684
-672189
556869
-1081787
225729
-1068281
-980936
62779
-1479597
1141551
-998644
136494
-776364
-134696
1180747
271120
-1207770
-1132163
1097756
-558918
361231
-37624
579720
564432
476352
-939908
44253
853177
-756172
-430947
-1549153
853548
210279
-1297460
242953
-43913
1429493
3175
-1740907
-1193711
1256702
1027804
-302260
-1683545
-35560
-681533
-474078
500809
808631
516682
-575611
1428256
-893566
-914350
-757307
1517227
968634
-592365
1119346
705925
-1169432
889740
532628
45448
-981571
-1077910
902367
11713
465008
1206349
-1652786
385236
-237675
1046760
133271
-38209
401990
-1869598
-96855
-873165
1122531
403349
-443762
-1309302
1124417
-1225482
-391681
-774622
1017470
1407514
-333568
1552409
595810
535409
-419220
-973801
967166
-563052
1021785
957335
-770801
-29524
-59597
-114986
-922286
-1018999
-563422
-1186468
366183
926561
1364954
-837864
763247
1281742
-1670078
-682158
24923
-1130623
-35020
-1457751
-961174
-733339
-1424468
-107411
-1597720
428281
-448309
-153511
649052
1795824
-315754
118487
1209971
620236
923063
185483
-70817
-1265454
29680
-1054138
499371
-192367
813177
474589
-154332
-285398
428491
400940
-1408529
-248055
1294095
-153146
-435024
-250356
-1236088
413467
-405910
127673
-942117
-388516
3981
867582
-944123
852501
-905275
689772
969733
580337
-124045
-687625
-65965
-893065
81818
-224780
672378
-604627
-568482
-1221651
-1279681
9279
1190877
522807
671132
-815556
367398
-448118
-714839
1359166
-2609
-1147395
1151008
-115632
630765
-1176933
-1177823
-1075062
-417738
-1013433
586019
181775
1528203
-242583
80215
-110166
515132
-448823
771509
-708621
-1541029
-93828
164962
-466897
174901
-319059
50216
282304
-1295565
773469
-560692
-33419
1481828
-226390
477197
-237861
1144986
-662930
58084
-1267748
851974
-948329
-1094092
1533895
334893
1260580
-436478
1258812
1432133
-97577
-730594
1495556
479048
-179651
240024
-1503815
-702919
-1332466
-437632
1479593
604630
-446357
-1936660
1164531
699496
-1023413
-944796
-39202
-1347371
272202
47522
788299
158357
84974
166407
538948
-677153
-746107
1226188
549771
-243324
224342
246794
539613
315678
-503522
773089
1124756
775199
386766
-691536
-1489393
-797793
1039128
-934915
-521205
319844
-480118
270910
751318
16028
346564
-527569
-164073
-53409
-393318
464531
-780310
-338774
-518849
1008741
-202160
-325451
492130
-866645
24354
-672020
-1243633
814830
1874933
548197
474504
-502405
-1242757
150315
1192694
-227254
-485870
312354
-23982
1119301
576146
447695
584349
728279
-284031
-1663899
80660
402562
1311944
5490
-100709
-319193
888494
-769615
-110139
673863
14653
-762994
296322
-1334723
-575960
-609939
-227081
-621559
-1079602
-982032
98048
-703436
-1842800
610687
640040
254215
-1226356
-200008
384279
176406
50719
182335
-294347
1250272
1398385
121293
695224
841350
965653
1463385
1441009
336472
980206
1740790
-1286730
-170675
-378062
-580371
-1625135
-578046
1179143
14196
1451079
551081
323460
-1093609
-1074126
581062
-1078696
-216940
65636
496930
-1771239
219195
-73271
1522506
1341873
-233253
717425
987737
352859
286446
32916
43737
-1314690
156063
-389207
-271186
252138
-341503
-524171
281296
727319
-437130
-478790
1962644
560844
820197
-111844
1022706
-810881
1301145
-396217
-362855
-940879
1104920
-181330
995695
-647233
617036
536526
251112
973488
-1797073
-199534
100844
-1090161
-300800
324174
-585181
-142360
-245630
-115783
-1596354
-1509440
944572
-1151003
20219
295467
59867
-2183
-190307
-324144
-119964
-1138749
-162394
989857
-621545
-525330
215354
1554806
-749162
-1594617
-851123
-505686
655707
304658
132187
1218960
-24331
-811008
-1191038
-864963
765096
-77754
-603860
192487
348357
1465229
-38521
1750787
-749743
-419351
-291673
364401
984226
-382273
514948
-236660
726377
1125213
-325509
-1173536
-598208
425775
1761325
-582408
-292986
-649749
-440541
-343877
721025
496600
-36463
-39041
132132
-305619
-152030
87097
499393
689563
213395
1243757
-25237
812641
-97524
-217517
-1241190
448837
378823
887260
-1052306
-590233
550171
-755315
276798
-1702661
-1206227
-965818
-592290
1039954
-140241
-1084438
673
-500012
-1178287
658950
544825
518717
